100900020040060008005001000020030009500700000006004800050090010000002007003000600  92  30 premiers puzzles en T&E1 de YZF  http://forum.enjoysudoku.com/extreme-puzzle-no-5-t37866.html#p289960
005800700070000010800010005000069300200000009006300080400001000008030500020700004  93
010070008402300070700005600020000000009006080300050900900020004001700020030000800  93
100090400070003080008400006760040008040005000009700500900030020080004005007800600  92
300700020007000001050043700060080002000900000800002500000600007000050208001004030  92
030090000000100020100007600200050008050008000008700090007080002020509070300600100  93
010600003000000070008205000000900100050003004000048020002800000030001400600000090  93
020000004009008000700020050400080007500200100080001020100006090006050700070000005  92
810700002000000800400008090030060000005300010900002340002500080040009100500080009  93
070005200005600010600001000040007002008010000700000100020050400000004007060030080  92
010600070003000000600030100100900007800160020040003900004020090020008700300000005  92
020009100600000005001300026300040800040800002000006010890100050000000270005060000  92
000080005500006000006900070000000200040010007009300040300050008002004000080700090  92
000500010000040009300008500060400007008001200400090060040700000083004700200010030  92
019200040605000300800005001000700009400050600008003050004500003100040070090008000  93
010070006000300080400006700002010060040200003900000500004100900090005007000030050  92
010080630000900000005003400600800002080009010409000000500600100002007000040090003  92
005000700600000008040900030400800000006001004030020100200008000100090500000300091  92
020003000007500009500010040800600004040030005005008010001080020600100500009005000  93
001050006000004000080300020003040900800009001600700050000090500205800003060000080  92
400008002050200070000070600000000000002006508086010090100900003070080010003020000  93
008709200000050090000002008020006004600010080001400600100300050070080003009007000  92
500004300006009070080030006060080010000103400007400002900000000002000040040008001  92
020008600800000004004050000000003100007900080060000207006005001050020030900700000  93
004300500000020007060001090005800000080040900200003080003080060010000800800907003  93
006090002900003000070400000001500680000001003008060090010700300000020005400000060  92
300500400007006080090040005000800002000004000080021050008000010900000003040030600  93
000000007090012030400300200730006004008000600600900010050004080300000000004020005  92
300006200090400060000010009000009300001074000800000020000007600200600004050041080  92
000007080006030002000100300003000400900700000681040009000008050360070800008900006  93
.....1..2....3..4...56..7....6...5...1......37..8...9...9..5.8..2..4....3..7..9..  B30  http://forum.enjoysudoku.com/g-whips-and-g-braids-t30231-30.html#p344454
001002003000010040500300100006007002010000080700900300007006008090040000300700500  B29  http://forum.enjoysudoku.com/g-whips-and-g-braids-t30231-30.html#p344387
040080903300600020005007000100050200009004001080000090050700080007010600000003009  B25  http://forum.enjoysudoku.com/puzzles-that-take-braid-solver-the-longest-time-t42458.html#p344424
..1..2....2..3....4..5..6....6.....7.1.....8.9.....5....7..8..3.3..9..1.5..7..4..  B18  http://forum.enjoysudoku.com/help-to-bring-an-se-9-3-to-around-se-7-5-t38397.html#p297220
3...7.5...9...8.4...72....64......8..1..2...4..38..1.......9.1...53....2....8.3..  B13_1  http://forum.enjoysudoku.com/puzzles-that-take-braid-solver-the-longest-time-t42458.html#p344380
..1.....62.....3...7.....1.7..5......6..8..9..3..42..1..9..4.7....3....48...5.2..  B13_2  http://forum.enjoysudoku.com/puzzles-that-take-braid-solver-the-longest-time-t42458.html#p344380